(DEVICE FILE: FPC50_2P5)

PACKAGE FPC50_2P5
CLASS IC
PINCOUNT 52

PINORDER FPC50_2P5 52 51 44 45 46 47 48 49 50 37 38 39 40 41 42 43 29 30 31 32 33 34 35 36 22 23 24,
      25 26 27 28 14 15 16 17 18 19 20 21 7 8 9 10 11 12 13 1 2 3 4 5 6
PINSWAP FPC50_2P5 52 51 44 45 46 47 48 49 50 37 38 39 40 41 42 43 29 30 31 32 33 34 35 36 22 23 24,
      25 26 27 28 14 15 16 17 18 19 20 21 7 8 9 10 11 12 13 1 2 3 4 5 6
FUNCTION FPC50_2P5 FPC50_2P5 52 51 44 45 46 47 48 49 50 37 38 39 40 41 42 43 29 30 31 32 33 34 35 36,
      22 23 24 25 26 27 28 14 15 16 17 18 19 20 21 7 8 9 10 11 12 13 1 2 3 4 5 6

PACKAGEPROP VALUE FPC50_2P5

END
