(DEVICE FILE: LQFP100P5)

PACKAGE LQFP100P5
CLASS IC
PINCOUNT 100

PINORDER LQFP100P5 25 24 23 22 21 20 19 18 17 16 15 14 13 12 11 10 9 8 7 6 5 4 3 2 1 28 27 26 100 99,
      98 31 30 29 97 96 95 34 33 32 94 93 92 38 37 36 35 91 90 89 88 41 40 39 87 86 85 44 43 42 84,
      83 82 47 46 45 81 80 79 50 49 48 78 77 76 51 55 54 53 52 58 57 56 61 60 59 64 63 62 68 67 66,
      65 71 70 69 74 73 72 75
PINSWAP LQFP100P5 25 24 23 22 21 20 19 18 17 16 15 14 13 12 11 10 9 8 7 6 5 4 3 2 1 28 27 26 100 99,
      98 31 30 29 97 96 95 34 33 32 94 93 92 38 37 36 35 91 90 89 88 41 40 39 87 86 85 44 43 42 84,
      83 82 47 46 45 81 80 79 50 49 48 78 77 76 51 55 54 53 52 58 57 56 61 60 59 64 63 62 68 67 66,
      65 71 70 69 74 73 72 75
FUNCTION LQFP100P5 LQFP100P5 25 24 23 22 21 20 19 18 17 16 15 14 13 12 11 10 9 8 7 6 5 4 3 2 1 28 27,
      26 100 99 98 31 30 29 97 96 95 34 33 32 94 93 92 38 37 36 35 91 90 89 88 41 40 39 87 86 85 44,
      43 42 84 83 82 47 46 45 81 80 79 50 49 48 78 77 76 51 55 54 53 52 58 57 56 61 60 59 64 63 62,
      68 67 66 65 71 70 69 74 73 72 75

PACKAGEPROP VALUE lqfp100p5

END
