(DEVICE FILE: LQFP176_24X24MM_PIT0_5MM)

PACKAGE LQFP176_24X24MM_PIT0_5MM
CLASS IC
PINCOUNT 176

PINORDER LQFP176_24X24MM_PIT0_5MM 176 175 174 173 172 171 170 169 168 167 166 165 164 163 162 161,
      160 159 158 157 156 155 154 153 152 151 150 149 148 147 146 145 144 143 142 141 140 139 138,
      137 136 135 134 133 132 1 2 3 4 5 131 130 129 128 7 8 9 10 6 127 126 125 124 123 11 12 13 14,
      122 121 120 119 118 16 17 18 19 15 117 116 115 114 21 22 23 24 20 113 112 111 110 109 25 26 27,
      28 29 108 107 106 105 104 30 31 32 33 103 102 101 100 99 35 36 37 38 34 98 97 96 95 39 40 41,
      42 43 94 93 92 91 90 44 49 48 47 46 45 54 53 52 51 50 58 57 56 55 63 62 61 60 59 68 67 66 65,
      64 72 71 70 69 77 76 75 74 73 82 81 80 79 78 87 86 85 84 83 89 88
PINSWAP LQFP176_24X24MM_PIT0_5MM 176 175 174 173 172 171 170 169 168 167 166 165 164 163 162 161 160,
      159 158 157 156 155 154 153 152 151 150 149 148 147 146 145 144 143 142 141 140 139 138 137,
      136 135 134 133 132 1 2 3 4 5 131 130 129 128 7 8 9 10 6 127 126 125 124 123 11 12 13 14 122,
      121 120 119 118 16 17 18 19 15 117 116 115 114 21 22 23 24 20 113 112 111 110 109 25 26 27 28,
      29 108 107 106 105 104 30 31 32 33 103 102 101 100 99 35 36 37 38 34 98 97 96 95 39 40 41 42,
      43 94 93 92 91 90 44 49 48 47 46 45 54 53 52 51 50 58 57 56 55 63 62 61 60 59 68 67 66 65 64,
      72 71 70 69 77 76 75 74 73 82 81 80 79 78 87 86 85 84 83 89 88
FUNCTION LQFP176_24X24MM_PIT0_5MM LQFP176_24X24MM_PIT0_5MM 176 175 174 173 172 171 170 169 168 167,
      166 165 164 163 162 161 160 159 158 157 156 155 154 153 152 151 150 149 148 147 146 145 144,
      143 142 141 140 139 138 137 136 135 134 133 132 1 2 3 4 5 131 130 129 128 7 8 9 10 6 127 126,
      125 124 123 11 12 13 14 122 121 120 119 118 16 17 18 19 15 117 116 115 114 21 22 23 24 20 113,
      112 111 110 109 25 26 27 28 29 108 107 106 105 104 30 31 32 33 103 102 101 100 99 35 36 37 38,
      34 98 97 96 95 39 40 41 42 43 94 93 92 91 90 44 49 48 47 46 45 54 53 52 51 50 58 57 56 55 63,
      62 61 60 59 68 67 66 65 64 72 71 70 69 77 76 75 74 73 82 81 80 79 78 87 86 85 84 83 89 88

PACKAGEPROP VALUE LQFP176_24x24mm_pit0_5mm

END
