(DEVICE FILE: QFN48_1P4A)

PACKAGE QFN48_1P4A
CLASS IC
PINCOUNT 49

PINORDER QFN48_1P4A 14 13 16 15 12 11 10 9 49 8 7 6 5 4 46 45 48 47 3 2 1 20 19 18 17 21 40 41 44 43,
      42 24 23 22 28 25 27 26 31 30 29 33 32 38 37 39 36 35 34
PINSWAP QFN48_1P4A 14 13 16 15 12 11 10 9 49 8 7 6 5 4 46 45 48 47 3 2 1 20 19 18 17 21 40 41 44 43,
      42 24 23 22 28 25 27 26 31 30 29 33 32 38 37 39 36 35 34
FUNCTION QFN48_1P4A QFN48_1P4A 14 13 16 15 12 11 10 9 49 8 7 6 5 4 46 45 48 47 3 2 1 20 19 18 17 21,
      40 41 44 43 42 24 23 22 28 25 27 26 31 30 29 33 32 38 37 39 36 35 34

PACKAGEPROP VALUE qfn48_1p4a

END
